ro_h=40
nb_osc=10
nb_test_per_corner=4
nb_bits=20000
v_jitter=0.000000e+00,1.000000e-05,1.000000e-04,1.000000e-03,1.000000e-02,1.000000e-01
v_freq_sample=1.000000e+00,1.000000e+01,1.000000e+02,1.000000e+03,1.000000e+04,1.000000e+05,1.000000e+06,1.000000e+07,1.000000e+08,1.000000e+09
